668
984
1680
17
740
1813
490
537
1215
1314
1678
1887
364
1306
560
1268
300
1816
898
584
1471
1939
420
1865
498
1264
1006
1070
611
1432
509
1747
267
29
888
544
419
449
437
1446
1149
1576
354
1768
512
1389
278
157
779
1230
1943
597
861
1704
1480
950
766
1774
1018
1150
1518
1891
1812
33
602
1433
903
154
625
1737
127
1546
1488
943
998
1578
1116
1470
1570
1176
87
1606
548
299
1206
1431
566
1642
816
1604
1039
825
1535
1902
759
1696
1506
822
1079
198
1652
1640
1355
1610
1766
499
1382
1594
1737
1536
462
1061
1515
1967
1546
1723
421
328
1200
426
554
1498
1995
805
1986
1794
1456
832
759
877
881
219
116
84
184
133
590
19
199
1742
1608
1645
830
1127
1919
1126
869
1306
1521
191
582
132
26
323
440
222
1492
895
1141
591
53
385
1157
1759
835
1434
995
863
1856
1992
695
417
658
969
607
368
1493
1007
1732
543
1804
887
71
812
917
330
25
1755
1162
753
526
1411
492
1651
278
12
1894
1935
864
115
563
1049
1100
21
697
1963
280
1405
1316
629
102
1705
1474
230
1820
1650
4
214
461
1865
618
423
222
1193
1686
1667
1699
1665
1430
1955
341
856
136
1749
496
1315
1807
1821
362
403
1131
1220
868
1355
1145
1516
415
1149
168
1810
922
299
1171
1858
1311
905
1445
1567
156
14
1645
244
133
1327
1909
1007
1559
273
296
679
128
1089
1510
250
313
1426
767
1494
1671
1705
149
144
622
1490
791
1571
627
866
448
592
844
367
1627
1555
355
1114
1739
934
1910
361
